#Inventor V2.0 ascii

ShapeHints {
  vertexOrdering        COUNTERCLOCKWISE
}

Separator {
  Coordinate3 {
    point [
	0.000000 0.000000 0.000000,
	0.750000 0.000000 0.549609,
	1.500000 0.000000 1.040625,
	2.250000 0.000000 1.423828,
	3.000000 0.000000 1.650000,
	3.750000 0.000000 1.669922,
	4.500000 0.000000 1.434375,
	5.250000 0.000000 0.894141,
	6.000000 0.000000 0.000000,
	0.000000 0.750000 0.295898,
	0.750000 0.750000 0.958980,
	1.500000 0.750000 1.481189,
	2.250000 0.750000 1.836827,
	3.000000 0.750000 2.000195,
	3.750000 0.750000 1.945595,
	4.500000 0.750000 1.647327,
	5.250000 0.750000 1.079692,
	6.000000 0.750000 0.216992,
	0.000000 1.500000 0.398438,
	0.750000 1.500000 1.140210,
	1.500000 1.500000 1.687891,
	2.250000 1.500000 2.031665,
	3.000000 1.500000 2.161719,
	3.750000 1.500000 2.068237,
	4.500000 1.500000 1.741406,
	5.250000 1.500000 1.171411,
	6.000000 1.500000 0.348438,
	0.000000 2.250000 0.367383,
	0.750000 2.250000 1.137968,
	1.500000 2.250000 1.693323,
	2.250000 2.250000 2.031606,
	3.000000 2.250000 2.150977,
	3.750000 2.250000 2.049596,
	4.500000 2.250000 1.725623,
	5.250000 2.250000 1.177217,
	6.000000 2.250000 0.402539,
	0.000000 3.000000 0.262500,
	0.750000 3.000000 0.996924,
	1.500000 3.000000 1.530078,
	2.250000 3.000000 1.859912,
	3.000000 3.000000 1.984375,
	3.750000 3.000000 1.901416,
	4.500000 3.000000 1.608984,
	5.250000 3.000000 1.105029,
	6.000000 3.000000 0.387500,
	0.000000 3.750000 0.143555,
	0.750000 3.750000 0.761745,
	1.500000 3.750000 1.230750,
	2.250000 3.750000 1.539848,
	3.000000 3.750000 1.678320,
	3.750000 3.750000 1.635445,
	4.500000 3.750000 1.400500,
	5.250000 3.750000 0.962767,
	6.000000 3.750000 0.311523,
	0.000000 4.500000 0.070312,
	0.750000 4.500000 0.477100,
	1.500000 4.500000 0.827930,
	2.250000 4.500000 1.094678,
	3.000000 4.500000 1.249219,
	3.750000 4.500000 1.263428,
	4.500000 4.500000 1.109180,
	5.250000 4.500000 0.758350,
	6.000000 4.500000 0.182813,
	0.000000 5.250000 0.102539,
	0.750000 5.250000 0.187657,
	1.500000 5.250000 0.354211,
	2.250000 5.250000 0.547664,
	3.000000 5.250000 0.713477,
	3.750000 5.250000 0.797112,
	4.500000 5.250000 0.744031,
	5.250000 5.250000 0.499696,
	6.000000 5.250000 0.009570,
	0.000000 6.000000 0.300000,
	0.750000 6.000000 -0.061914,
	1.500000 6.000000 -0.157812,
	2.250000 6.000000 -0.077930,
	3.000000 6.000000 0.087500,
	3.750000 6.000000 0.248242,
	4.500000 6.000000 0.314063,
	5.250000 6.000000 0.194727,
	6.000000 6.000000 -0.200000
    ]
  }
NormalBinding {
  value        PER_VERTEX_INDEXED
}

  Normal {
    vector [
	27.000000 19.800000 -36.000000,
	25.368750 25.839844 -36.000000,
	21.375000 27.281250 -36.000000,
	15.018750 25.432031 -36.000000,
	6.300000 21.600000 -36.000000,
	-4.781250 17.092969 -36.000000,
	-18.225000 13.218750 -36.000000,
	-34.031250 11.285156 -36.000000,
	-52.200000 12.600000 -36.000000,
	34.797656 9.084375 -36.000000,
	28.652563 13.817065 -36.000000,
	21.273926 15.273633 -36.000000,
	12.661743 14.401978 -36.000000,
	2.816016 12.150000 -36.000000,
	-8.263257 9.465601 -36.000000,
	-20.576074 7.296680 -36.000000,
	-34.122437 6.591138 -36.000000,
	-48.902344 8.296875 -36.000000,
	40.106250 1.237500 -36.000000,
	31.025391 3.938379 -36.000000,
	21.473437 4.830469 -36.000000,
	11.450391 4.488574 -36.000000,
	0.956250 3.487500 -36.000000,
	-10.008984 2.402051 -36.000000,
	-21.445313 1.807031 -36.000000,
	-33.352734 2.277246 -36.000000,
	-45.731250 4.387500 -36.000000,
	42.124219 -3.740625 -36.000000,
	31.837280 -3.796216 -36.000000,
	21.462012 -4.048242 -36.000000,
	10.998413 -4.308179 -36.000000,
	0.446484 -4.387500 -36.000000,
	-10.193774 -4.097681 -36.000000,
	-20.922363 -3.250195 -36.000000,
	-31.739282 -1.656519 -36.000000,
	-42.644531 0.871875 -36.000000,
	40.050000 -5.850000 -36.000000,
	30.438281 -9.386719 -36.000000,
	20.728125 -11.362500 -36.000000,
	10.919531 -11.988281 -36.000000,
	1.012500 -11.475000 -36.000000,
	-8.992969 -10.033594 -36.000000,
	-19.096875 -7.875000 -36.000000,
	-29.299219 -5.210156 -36.000000,
	-39.600000 -2.250000 -36.000000,
	33.082031 -5.090625 -36.000000,
	26.178442 -12.833130 -36.000000,
	18.760254 -17.112305 -36.000000,
	10.827466 -18.551733 -36.000000,
	2.380078 -17.775000 -36.000000,
	-6.581909 -15.405688 -36.000000,
	-16.058496 -12.067383 -36.000000,
	-26.049683 -8.383667 -36.000000,
	-36.555469 -4.978125 -36.000000,
	20.418750 -1.462500 -36.000000,
	18.407812 -14.135449 -36.000000,
	15.046875 -21.297656 -36.000000,
	10.335938 -23.998535 -36.000000,
	4.275000 -23.287500 -36.000000,
	-3.135938 -20.213965 -36.000000,
	-11.896875 -15.827344 -36.000000,
	-22.007812 -11.177051 -36.000000,
	-33.468750 -7.312500 -36.000000,
	1.258594 5.034375 -36.000000,
	6.476440 -13.293677 -36.000000,
	9.076465 -23.918555 -36.000000,
	9.058667 -28.328687 -36.000000,
	6.423047 -28.012500 -36.000000,
	1.169604 -24.458423 -36.000000,
	-6.701660 -19.154883 -36.000000,
	-17.190747 -13.590308 -36.000000,
	-30.297656 -9.253125 -36.000000,
	-25.200000 14.400000 -36.000000,
	-10.265625 -10.307813 -36.000000,
	0.337500 -24.975000 -36.000000,
	6.609375 -31.542187 -36.000000,
	8.550000 -31.950000 -36.000000,
	6.159375 -28.139062 -36.000000,
	-0.562500 -22.050000 -36.000000,
	-11.615625 -15.623437 -36.000000,
	-27.000000 -10.800000 -36.000000
    ]
  }
  IndexedFaceSet {
    coordIndex [
	 0, 9, 1, -1,
	 1, 9, 10, -1,
	 1, 10, 2, -1,
	 2, 10, 11, -1,
	 2, 11, 3, -1,
	 3, 11, 12, -1,
	 3, 12, 4, -1,
	 4, 12, 13, -1,
	 4, 13, 5, -1,
	 5, 13, 14, -1,
	 5, 14, 6, -1,
	 6, 14, 15, -1,
	 6, 15, 7, -1,
	 7, 15, 16, -1,
	 7, 16, 8, -1,
	 8, 16, 17, -1,
	 9, 18, 10, -1,
	 10, 18, 19, -1,
	 10, 19, 11, -1,
	 11, 19, 20, -1,
	 11, 20, 12, -1,
	 12, 20, 21, -1,
	 12, 21, 13, -1,
	 13, 21, 22, -1,
	 13, 22, 14, -1,
	 14, 22, 23, -1,
	 14, 23, 15, -1,
	 15, 23, 24, -1,
	 15, 24, 16, -1,
	 16, 24, 25, -1,
	 16, 25, 17, -1,
	 17, 25, 26, -1,
	 18, 27, 19, -1,
	 19, 27, 28, -1,
	 19, 28, 20, -1,
	 20, 28, 29, -1,
	 20, 29, 21, -1,
	 21, 29, 30, -1,
	 21, 30, 22, -1,
	 22, 30, 31, -1,
	 22, 31, 23, -1,
	 23, 31, 32, -1,
	 23, 32, 24, -1,
	 24, 32, 33, -1,
	 24, 33, 25, -1,
	 25, 33, 34, -1,
	 25, 34, 26, -1,
	 26, 34, 35, -1,
	 27, 36, 28, -1,
	 28, 36, 37, -1,
	 28, 37, 29, -1,
	 29, 37, 38, -1,
	 29, 38, 30, -1,
	 30, 38, 39, -1,
	 30, 39, 31, -1,
	 31, 39, 40, -1,
	 31, 40, 32, -1,
	 32, 40, 41, -1,
	 32, 41, 33, -1,
	 33, 41, 42, -1,
	 33, 42, 34, -1,
	 34, 42, 43, -1,
	 34, 43, 35, -1,
	 35, 43, 44, -1,
	 36, 45, 37, -1,
	 37, 45, 46, -1,
	 37, 46, 38, -1,
	 38, 46, 47, -1,
	 38, 47, 39, -1,
	 39, 47, 48, -1,
	 39, 48, 40, -1,
	 40, 48, 49, -1,
	 40, 49, 41, -1,
	 41, 49, 50, -1,
	 41, 50, 42, -1,
	 42, 50, 51, -1,
	 42, 51, 43, -1,
	 43, 51, 52, -1,
	 43, 52, 44, -1,
	 44, 52, 53, -1,
	 45, 54, 46, -1,
	 46, 54, 55, -1,
	 46, 55, 47, -1,
	 47, 55, 56, -1,
	 47, 56, 48, -1,
	 48, 56, 57, -1,
	 48, 57, 49, -1,
	 49, 57, 58, -1,
	 49, 58, 50, -1,
	 50, 58, 59, -1,
	 50, 59, 51, -1,
	 51, 59, 60, -1,
	 51, 60, 52, -1,
	 52, 60, 61, -1,
	 52, 61, 53, -1,
	 53, 61, 62, -1,
	 54, 63, 55, -1,
	 55, 63, 64, -1,
	 55, 64, 56, -1,
	 56, 64, 65, -1,
	 56, 65, 57, -1,
	 57, 65, 66, -1,
	 57, 66, 58, -1,
	 58, 66, 67, -1,
	 58, 67, 59, -1,
	 59, 67, 68, -1,
	 59, 68, 60, -1,
	 60, 68, 69, -1,
	 60, 69, 61, -1,
	 61, 69, 70, -1,
	 61, 70, 62, -1,
	 62, 70, 71, -1,
	 63, 72, 64, -1,
	 64, 72, 73, -1,
	 64, 73, 65, -1,
	 65, 73, 74, -1,
	 65, 74, 66, -1,
	 66, 74, 75, -1,
	 66, 75, 67, -1,
	 67, 75, 76, -1,
	 67, 76, 68, -1,
	 68, 76, 77, -1,
	 68, 77, 69, -1,
	 69, 77, 78, -1,
	 69, 78, 70, -1,
	 70, 78, 79, -1,
	 70, 79, 71, -1,
	 71, 79, 80, -1
    ]
  }
}
Separator {
LightModel {
model PHONG
}
Material {
        diffuseColor 1.0 1.0 1.0 
}
Transform {
        translation 0 0 0
}
Sphere {
        radius  0.10 
}
}
Separator {
LightModel {
model PHONG
}
Material {
        diffuseColor 1.0 1.0 1.0 
}
Transform {
        translation 2.0 0.0 1.5
}
Sphere {
        radius  0.10 
}
}
Separator {
LightModel {
model PHONG
}
Material {
        diffuseColor 1.0 1.0 1.0 
}
Transform {
        translation 4.0 0.0 2.9
}
Sphere {
        radius  0.10 
}
}
Separator {
LightModel {
model PHONG
}
Material {
        diffuseColor 1.0 1.0 1.0 
}
Transform {
        translation 6.0 0.0 0.0
}
Sphere {
        radius  0.10 
}
}
Separator {
LightModel {
model PHONG
}
Material {
        diffuseColor 1.0 1.0 1.0 
}
Transform {
        translation 0.0 2.0 1.1
}
Sphere {
        radius  0.10 
}
}
Separator {
LightModel {
model PHONG
}
Material {
        diffuseColor 1.0 1.0 1.0 
}
Transform {
        translation 2.0 2.0 3.9
}
Sphere {
        radius  0.10 
}
}
Separator {
LightModel {
model PHONG
}
Material {
        diffuseColor 1.0 1.0 1.0 
}
Transform {
        translation 4.0 2.0 3.1
}
Sphere {
        radius  0.10 
}
}
Separator {
LightModel {
model PHONG
}
Material {
        diffuseColor 1.0 1.0 1.0 
}
Transform {
        translation 6.0 2.0 0.7
}
Sphere {
        radius  0.10 
}
}
Separator {
LightModel {
model PHONG
}
Material {
        diffuseColor 1.0 1.0 1.0 
}
Transform {
        translation 0.0 4.0 -0.5
}
Sphere {
        radius  0.10 
}
}
Separator {
LightModel {
model PHONG
}
Material {
        diffuseColor 1.0 1.0 1.0 
}
Transform {
        translation 2.0 4.0 2.6
}
Sphere {
        radius  0.10 
}
}
Separator {
LightModel {
model PHONG
}
Material {
        diffuseColor 1.0 1.0 1.0 
}
Transform {
        translation 4.0 4.0 2.4
}
Sphere {
        radius  0.10 
}
}
Separator {
LightModel {
model PHONG
}
Material {
        diffuseColor 1.0 1.0 1.0 
}
Transform {
        translation 6.0 4.0 0.4
}
Sphere {
        radius  0.10 
}
}
Separator {
LightModel {
model PHONG
}
Material {
        diffuseColor 1.0 1.0 1.0 
}
Transform {
        translation 0.0 6.0 0.3
}
Sphere {
        radius  0.10 
}
}
Separator {
LightModel {
model PHONG
}
Material {
        diffuseColor 1.0 1.0 1.0 
}
Transform {
        translation 2.0 6.0 -1.1
}
Sphere {
        radius  0.10 
}
}
Separator {
LightModel {
model PHONG
}
Material {
        diffuseColor 1.0 1.0 1.0 
}
Transform {
        translation 4.0 6.0 1.3
}
Sphere {
        radius  0.10 
}
}
Separator {
LightModel {
model PHONG
}
Material {
        diffuseColor 1.0 1.0 1.0 
}
Transform {
        translation 6.0 6.0 -0.2
}
Sphere {
        radius  0.10 
}
}
